image: first_3D.pgm
resolution: 0.080000
origin: [-17.402833, -28.508932, 0.000000]
negate: 0
occupied_thresh: 0.65
free_thresh: 0.196

