image: second_3D.pgm
resolution: 0.080000
origin: [-16.882297, -27.268799, 0.000000]
negate: 0
occupied_thresh: 0.65
free_thresh: 0.196

