image: second_2D.pgm
resolution: 0.080000
origin: [-13.724994, -27.048568, 0.000000]
negate: 0
occupied_thresh: 0.65
free_thresh: 0.196

